depth_splin.asc
ncols        173
nrows        169
xllcorner    582542.410000000033
yllcorner    4357345.450000000186
cellsize     1.000000000000
NODATA_value  -99999
[rows 144 to 161 of 169, columns 120 to 159 of 173]
18.568273544311523438 18.67330169677734375 18.817892074584960938 18.931226730346679688 19.058538436889648438 19.195825576782226563 19.310052871704101563 19.450054168701171875 19.562101364135742188 19.624414443969726563 19.68337249755859375 19.747852325439453125 19.806301116943359375 19.828983306884765625 19.805736541748046875 19.86157989501953125 20.007875442504882813 20.121990203857421875 20.073272705078125 20.019498825073242188 20.055974960327148438 20.130090713500976563 20.099763870239257813 19.923379898071289063 19.73538970947265625 19.75772857666015625 19.830076217651367188 19.734935760498046875 19.461734771728515625 19.281169891357421875 19.330326080322265625 19.479925155639648438 19.535999298095703125 19.523256301879882813 19.512783050537109375 19.529294967651367188 19.532688140869140625 19.526033401489257813 19.510129928588867188 19.488958358764648438
18.837831497192382813 18.94527435302734375 19.084598541259765625 19.192987442016601563 19.297540664672851563 19.408796310424804688 19.51966094970703125 19.653141021728515625 19.77167510986328125 19.859354019165039063 19.942012786865234375 20.022684097290039063 20.085760116577148438 20.110303878784179688 20.100023269653320313 20.1362762451171875 20.228368759155273438 20.293849945068359375 20.239122390747070313 20.180517196655273438 20.195587158203125 20.239429473876953125 20.206310272216796875 20.085872650146484375 19.962949752807617188 19.933069229125976563 19.923511505126953125 19.809673309326171875 19.584133148193359375 19.42012786865234375 19.427785873413085938 19.525798797607421875 19.579021453857421875 19.598329544067382813 19.5912017822265625 19.561893463134765625 19.525928497314453125 19.51488494873046875 19.50827789306640625 19.487077713012695313
19.148193359375 19.268611907958984375 19.394502639770507813 19.479703903198242188 19.522031784057617188 19.576946258544921875 19.695657730102539063 19.830760955810546875 19.96111297607421875 20.081846237182617188 20.195240020751953125 20.3109588623046875 20.398984909057617188 20.435520172119140625 20.436647415161132813 20.442132949829101563 20.475061416625976563 20.49205780029296875 20.399351119995117188 20.311145782470703125 20.296361923217773438 20.314565658569335938 20.296697616577148438 20.263406753540039063 20.22534942626953125 20.146104812622070313 20.055904388427734375 19.918699264526367188 19.726718902587890625 19.578891754150390625 19.554882049560546875 19.605768203735351563 19.653209686279296875 19.711795806884765625 19.706150054931640625 19.610507965087890625 19.507259368896484375 19.494625091552734375 19.505199432373046875 19.483707427978515625
19.42923736572265625 19.572286605834960938 19.70721435546875 19.781198501586914063 19.773084640502929688 19.772998809814453125 19.89585113525390625 20.030057907104492188 20.159311294555664063 20.288219451904296875 20.415422439575195313 20.562913894653320313 20.6789703369140625 20.723821640014648438 20.714635848999023438 20.694810867309570313 20.705768585205078125 20.703502655029296875 20.558887481689453125 20.429304122924804688 20.393686294555664063 20.408147811889648438 20.407054901123046875 20.419149398803710938 20.425027847290039063 20.3219451904296875 20.194087982177734375 20.042966842651367188 19.859483718872070313 19.715856552124023438 19.68079376220703125 19.7088775634765625 19.742456436157226563 19.804882049560546875 19.79329681396484375 19.66371917724609375 19.523712158203125 19.5044403076171875 19.513311386108398438 19.486440658569335938
19.617063522338867188 19.771350860595703125 19.92778778076171875 20.023397445678710938 20.048625946044921875 20.071392059326171875 20.16089630126953125 20.25771331787109375 20.353832244873046875 20.45442962646484375 20.56353759765625 20.703050613403320313 20.825254440307617188 20.88265228271484375 20.882234573364257813 20.861722946166992188 20.848941802978515625 20.814901351928710938 20.686382293701171875 20.568347930908203125 20.524461746215820313 20.525188446044921875 20.518178939819335938 20.512033462524414063 20.491657257080078125 20.406347274780273438 20.297010421752929688 20.158172607421875 19.989969253540039063 19.855350494384765625 19.8088836669921875 19.81751251220703125 19.823163986206054688 19.829664230346679688 19.797504425048828125 19.71471405029296875 19.623203277587890625 19.5694732666015625 19.527469635009765625 19.485134124755859375
19.70087432861328125 19.863927841186523438 20.077550888061523438 20.22664642333984375 20.32732391357421875 20.401256561279296875 20.448537826538085938 20.488073348999023438 20.527849197387695313 20.572492599487304688 20.63875579833984375 20.762041091918945313 20.88878631591796875 20.953771591186523438 20.954542160034179688 20.943950653076171875 20.932939529418945313 20.889558792114257813 20.79120635986328125 20.699737548828125 20.653367996215820313 20.637296676635742188 20.610363006591796875 20.55712890625 20.492313385009765625 20.43756103515625 20.371129989624023438 20.259569168090820313 20.107191085815429688 19.978460311889648438 19.926923751831054688 19.923847198486328125 19.901002883911132813 19.835508346557617188 19.779542922973632813 19.760669708251953125 19.736858367919921875 19.649759292602539063 19.540914535522460938 19.477848052978515625
19.745235443115234375 19.928615570068359375 20.223361968994140625 20.423717498779296875 20.56533050537109375 20.664365768432617188 20.681430816650390625 20.678730010986328125 20.673501968383789063 20.669668197631835938 20.697872161865234375 20.82599639892578125 20.968645095825195313 21.0272979736328125 21.006532669067382813 20.998735427856445313 21.0168609619140625 20.995647430419921875 20.895357131958007813 20.7984771728515625 20.748220443725585938 20.7290496826171875 20.688173294067382813 20.602224349975585938 20.511898040771484375 20.478481292724609375 20.447191238403320313 20.352117538452148438 20.190975189208984375 20.052579879760742188 20.00557708740234375 20.009929656982421875 19.976793289184570313 19.873674392700195313 19.797698974609375 19.804721832275390625 19.813533782958984375 19.707767486572265625 19.56360626220703125 19.48810577392578125
19.905736923217773438 20.075107574462890625 20.336910247802734375 20.530178070068359375 20.67577362060546875 20.775941848754882813 20.801013946533203125 20.80043792724609375 20.794269561767578125 20.791074752807617188 20.815464019775390625 20.915103912353515625 21.030408859252929688 21.0881195068359375 21.086944580078125 21.086801528930664063 21.0942535400390625 21.070581436157226563 20.996829986572265625 20.920217514038085938 20.86902618408203125 20.83104705810546875 20.77040863037109375 20.678073883056640625 20.59101104736328125 20.554132461547851563 20.518095016479492188 20.41469573974609375 20.2398681640625 20.084478378295898438 20.0219268798828125 20.022861480712890625 20.003694534301757813 19.930271148681640625 19.864803314208984375 19.841464996337890625 19.819705963134765625 19.742746353149414063 19.641740798950195313 19.574674606323242188
20.08910369873046875 20.230804443359375 20.416337966918945313 20.574323654174804688 20.704103469848632813 20.798452377319335938 20.845186233520507813 20.86841583251953125 20.8841705322265625 20.902502059936523438 20.93656158447265625 21.0056915283203125 21.085279464721679688 21.140718460083007813 21.163213729858398438 21.171062469482421875 21.167406082153320313 21.143230438232421875 21.097286224365234375 21.045938491821289063 20.998249053955078125 20.946071624755859375 20.8690948486328125 20.758073806762695313 20.655687332153320313 20.626506805419921875 20.619710922241210938 20.504819869995117188 20.25653076171875 20.051164627075195313 19.998884201049804688 20.038850784301757813 20.045989990234375 19.992023468017578125 19.9256744384765625 19.87722015380859375 19.834371566772460938 19.780366897583007813 19.719104766845703125 19.663570404052734375
20.214689254760742188 20.33466339111328125 20.470716476440429688 20.599210739135742188 20.712236404418945313 20.80176544189453125 20.863084793090820313 20.906612396240234375 20.942491531372070313 20.978410720825195313 21.02109527587890625 21.077304840087890625 21.13819122314453125 21.1889801025390625 21.22090911865234375 21.23625946044921875 21.236419677734375 21.221364974975585938 21.193235397338867188 21.156280517578125 21.11318206787109375 21.058885574340820313 20.974657058715820313 20.838968276977539063 20.708019256591796875 20.694301605224609375 20.73352813720703125 20.610464096069335938 20.267267227172851563 20.0033416748046875 19.977260589599609375 20.0738677978515625 20.108005523681640625 20.054086685180664063 19.978456497192382813 19.919757843017578125 19.871509552001953125 19.82546234130859375 19.777181625366210938 19.726352691650390625
20.291921615600585938 20.397205352783203125 20.509807586669921875 20.62017059326171875 20.72138214111328125 20.807292938232421875 20.875337600708007813 20.930608749389648438 20.979116439819335938 21.025783538818359375 21.074415206909179688 21.127994537353515625 21.182708740234375 21.231256484985351563 21.2676239013671875 21.290740966796875 21.300701141357421875 21.29799652099609375 21.283609390258789063 21.257289886474609375 21.217380523681640625 21.158651351928710938 21.069820404052734375 20.941448211669921875 20.8233795166015625 20.795366287231445313 20.7953643798828125 20.641763687133789063 20.30007171630859375 20.028791427612304688 19.989370346069335938 20.0933837890625 20.153757095336914063 20.11722564697265625 20.041690826416015625 19.976129531860351563 19.924329757690429688 19.87937164306640625 19.83379364013671875 19.783966064453125
20.34549713134765625 20.440164566040039063 20.539386749267578125 20.637460708618164063 20.729887008666992188 20.812530517578125 20.883474349975585938 20.945522308349609375 21.002054214477539063 21.055940628051757813 21.10951995849609375 21.164648056030273438 21.21915435791015625 21.268796920776367188 21.3098907470703125 21.340917587280273438 21.360902786254882813 21.369983673095703125 21.369396209716796875 21.356081008911132813 21.321756362915039063 21.258981704711914063 21.167661666870117188 21.037496566772460938 20.91729736328125 20.893421173095703125 20.913263320922851563 20.743089675903320313 20.330211639404296875 20.015237808227539063 20.01920318603515625 20.203754425048828125 20.294919967651367188 20.231954574584960938 20.123126983642578125 20.04383087158203125 19.986360549926757813 19.939241409301757813 19.892765045166015625 19.8420257568359375
20.387388229370117188 20.474004745483398438 20.563497543334960938 20.652530670166015625 20.738195419311523438 20.817699432373046875 20.889631271362304688 20.95550537109375 21.017198562622070313 21.076412200927734375 21.134670257568359375 21.193181991577148438 21.2505950927734375 21.304224014282226563 21.35146331787109375 21.390027999877929688 21.417758941650390625 21.434841156005859375 21.444311141967773438 21.442895889282226563 21.417194366455078125 21.357402801513671875 21.269687652587890625 21.134710311889648438 21.001592636108398438 20.986219406127929688 21.044801712036132813 20.872026443481445313 20.3715362548828125 20.005502700805664063 20.057771682739257813 20.316371917724609375 20.431818008422851563 20.345197677612304688 20.20923614501953125 20.117120742797851563 20.052911758422851563 20.001901626586914063 19.952808380126953125 19.89981842041015625
20.420736312866210938 20.501331329345703125 20.5839996337890625 20.666650772094726563 20.747272491455078125 20.823877334594726563 20.895435333251953125 20.96292877197265625 21.027599334716796875 21.090656280517578125 21.153270721435546875 21.21637725830078125 21.27883148193359375 21.338418960571289063 21.392698287963867188 21.43840789794921875 21.472118377685546875 21.492635726928710938 21.502355575561523438 21.501956939697265625 21.485759735107421875 21.444246292114257813 21.36798858642578125 21.243455886840820313 21.119976043701171875 21.0906982421875 21.114145278930664063 20.916810989379882813 20.43079376220703125 20.070453643798828125 20.106187820434570313 20.35988616943359375 20.489095687866210938 20.421613693237304688 20.290670394897460938 20.191801071166992188 20.120874404907226563 20.064756393432617188 20.01168060302734375 19.955322265625
20.447050094604492188 20.522882461547851563 20.600528717041015625 20.678464889526367188 20.755163192749023438 20.829107284545898438 20.899549484252929688 20.967382431030273438 21.033712387084960938 21.099639892578125 21.166261672973632813 21.234441757202148438 21.30294036865234375 21.369434356689453125 21.431270599365234375 21.484554290771484375 21.525053024291992188 21.547697067260742188 21.548376083374023438 21.535581588745117188 21.527280807495117188 21.521345138549804688 21.464694976806640625 21.349184036254882813 21.231145858764648438 21.191280364990234375 21.208049774169921875 20.997945785522460938 20.484401702880859375 20.10234832763671875 20.151872634887695313 20.4361724853515625 20.574268341064453125 20.508615493774414063 20.373884201049804688 20.266551971435546875 20.187990188598632813 20.125684738159179688 20.067590713500976563 20.007078170776367188
20.467700958251953125 20.53928375244140625 20.612638473510742188 20.686571121215820313 20.759883880615234375 20.831384658813476563 20.900564193725585938 20.968341827392578125 21.035831451416015625 21.104139328002929688 21.174373626708984375 21.247385025024414063 21.321817398071289063 21.3951568603515625 21.464664459228515625 21.526702880859375 21.577310562133789063 21.607830047607421875 21.606149673461914063 21.584239959716796875 21.58261871337890625 21.607839584350585938 21.565931320190429688 21.443624496459960938 21.309034347534179688 21.267713546752929688 21.333751678466796875 21.154880523681640625 20.572069168090820313 20.154771804809570313 20.25091552734375 20.581586837768554688 20.70923614501953125 20.613203048706054688 20.45873260498046875 20.339488983154296875 20.252027511596679688 20.182598114013671875 20.118791580200195313 20.053676605224609375
20.483638763427734375 20.551259994506835938 20.620677947998046875 20.690965652465820313 20.761198043823242188 20.830448150634765625 20.898395538330078125 20.965990066528320313 21.034343719482421875 21.104574203491210938 21.177791595458984375 21.254850387573242188 21.334333419799804688 21.413654327392578125 21.49022674560546875 21.561468124389648438 21.624692916870117188 21.6716766357421875 21.688716888427734375 21.68370819091796875 21.691036224365234375 21.7154998779296875 21.669397354125976563 21.542057037353515625 21.398992538452148438 21.334184646606445313 21.358194351196289063 21.192600250244140625 20.730878829956054688 20.402528762817382813 20.470621109008789063 20.723253250122070313 20.808063507080078125 20.699855804443359375 20.536718368530273438 20.4071502685546875 20.310455322265625 20.23346710205078125 20.163661956787109375 20.093820571899414063
20.495557785034179688 20.559598922729492188 20.625497817993164063 20.692531585693359375 20.759984970092773438 20.827135086059570313 20.89380645751953125 20.960958480834960938 21.029695510864257813 21.101129531860351563 21.176361083984375 21.2562408447265625 21.339349746704101563 21.4231109619140625 21.505212783813476563 21.584428787231445313 21.659738540649414063 21.72693634033203125 21.777360916137695313 21.808261871337890625 21.828907012939453125 21.835163116455078125 21.778474807739257813 21.652521133422851563 21.503499984741210938 21.39290618896484375 21.312286376953125 21.163747787475585938 20.928373336791992188 20.759799957275390625 20.755613327026367188 20.841033935546875 20.86241912841796875 20.757749557495117188 20.60210418701171875 20.465740203857421875 20.360565185546875 20.276288986206054688 20.2006683349609375 20.12628936767578125
