depth_splin.asc
ncols        173
nrows        169
xllcorner    582542.410000000033
yllcorner    4357345.450000000186
cellsize     1.000000000000
NODATA_value  -99999
[rows 144 to 161 of 169, columns 40 to 79 of 173]
17.85048675537109375 17.907506942749023438 17.910211563110351563 17.86782073974609375 17.811643600463867188 17.793521881103515625 17.69434356689453125 17.474002838134765625 17.254339218139648438 17.158174514770507813 17.168645858764648438 17.191602706909179688 17.152408599853515625 17.085124969482421875 16.951761245727539063 16.75244903564453125 16.605085372924804688 16.525028228759765625 16.50213623046875 16.538713455200195313 16.599887847900390625 16.531629562377929688 16.376705169677734375 16.351116180419921875 16.49272918701171875 16.625728607177734375 16.628002166748046875 16.588788986206054688 16.559844970703125 16.54457855224609375 16.544445037841796875 16.600732803344726563 16.677410125732421875 16.746278762817382813 16.803531646728515625 16.844556808471679688 16.849157333374023438 16.842386245727539063 16.900148391723632813 16.967777252197265625
17.952022552490234375 18.003965377807617188 18.034908294677734375 18.03549957275390625 18.028430938720703125 18.089160919189453125 18.0341033935546875 17.782932281494140625 17.51128387451171875 17.393495559692382813 17.408311843872070313 17.4335784912109375 17.38098907470703125 17.30837249755859375 17.165948867797851563 16.95073699951171875 16.800294876098632813 16.72580718994140625 16.708860397338867188 16.76212310791015625 16.850931167602539063 16.77468109130859375 16.585666656494140625 16.547588348388671875 16.7091522216796875 16.861698150634765625 16.859165191650390625 16.809118270874023438 16.770099639892578125 16.743772506713867188 16.728832244873046875 16.774059295654296875 16.844043731689453125 16.916248321533203125 16.989500045776367188 17.0479278564453125 17.06231689453125 17.056547164916992188 17.114709854125976563 17.182842254638671875
18.097087860107421875 18.1591339111328125 18.200176239013671875 18.216426849365234375 18.215518951416015625 18.233232498168945313 18.149759292602539063 17.931753158569335938 17.69963836669921875 17.575839996337890625 17.549276351928710938 17.54569244384765625 17.511110305786132813 17.453639984130859375 17.32666015625 17.132045745849609375 16.992353439331054688 16.92949676513671875 16.9268035888671875 16.965951919555664063 17.015958786010742188 16.980451583862304688 16.887298583984375 16.878061294555664063 16.96749114990234375 17.05190277099609375 17.062408447265625 17.04177093505859375 17.006481170654296875 16.96494293212890625 16.936443328857421875 16.951902389526367188 16.997602462768554688 17.069002151489257813 17.1652679443359375 17.246297836303710938 17.287900924682617188 17.306707382202148438 17.341373443603515625 17.376544952392578125
18.247053146362304688 18.316516876220703125 18.354784011840820313 18.363752365112304688 18.353826522827148438 18.3396148681640625 18.242481231689453125 18.04221343994140625 17.823526382446289063 17.698835372924804688 17.647806167602539063 17.623983383178710938 17.626783370971679688 17.607923507690429688 17.476198196411132813 17.250974655151367188 17.113988876342773438 17.082021713256835938 17.1100921630859375 17.163682937622070313 17.23159027099609375 17.221691131591796875 17.153455734252929688 17.149538040161132813 17.206787109375 17.261404037475585938 17.277765274047851563 17.277355194091796875 17.240381240844726563 17.176633834838867188 17.125154495239257813 17.115398406982421875 17.135091781616210938 17.212432861328125 17.355329513549804688 17.46048736572265625 17.497028350830078125 17.503681182861328125 17.537328720092773438 17.5847625732421875
18.373266220092773438 18.4390106201171875 18.46858978271484375 18.464643478393554688 18.440399169921875 18.407899856567382813 18.311086654663085938 18.130090713500976563 17.925884246826171875 17.808330535888671875 17.74877166748046875 17.70906829833984375 17.72621917724609375 17.725866317749023438 17.595645904541015625 17.368024826049804688 17.244138717651367188 17.235050201416015625 17.279880523681640625 17.338468551635742188 17.414937973022460938 17.412553787231445313 17.348997116088867188 17.344182968139648438 17.389537811279296875 17.433721542358398438 17.451141357421875 17.457950592041015625 17.42498016357421875 17.360441207885742188 17.305566787719726563 17.286531448364257813 17.291952133178710938 17.360471725463867188 17.50264739990234375 17.606832504272460938 17.642137527465820313 17.6502532958984375 17.688081741333007813 17.739910125732421875
18.471220016479492188 18.518892288208007813 18.541688919067382813 18.532724380493164063 18.492275238037109375 18.429307937622070313 18.326557159423828125 18.182073593139648438 18.0305023193359375 17.9297943115234375 17.8657684326171875 17.819608688354492188 17.802114486694335938 17.773233413696289063 17.665576934814453125 17.495626449584960938 17.402057647705078125 17.401737213134765625 17.444910049438476563 17.487424850463867188 17.533159255981445313 17.525362014770507813 17.477123260498046875 17.473484039306640625 17.513055801391601563 17.5528564453125 17.569181442260742188 17.575246810913085938 17.553539276123046875 17.513227462768554688 17.479555130004882813 17.461500167846679688 17.4638214111328125 17.502340316772460938 17.580835342407226563 17.656808853149414063 17.715717315673828125 17.761732101440429688 17.802885055541992188 17.84300994873046875
18.547269821166992188 18.56888580322265625 18.589794158935546875 18.58760833740234375 18.53491973876953125 18.42659759521484375 18.307001113891601563 18.203935623168945313 18.11447906494140625 18.036985397338867188 17.971387863159179688 17.916425704956054688 17.86577606201171875 17.808990478515625 17.7157135009765625 17.595392227172851563 17.52870941162109375 17.548030853271484375 17.599994659423828125 17.617908477783203125 17.634586334228515625 17.611400604248046875 17.558849334716796875 17.5513458251953125 17.596103668212890625 17.641635894775390625 17.65593719482421875 17.660387039184570313 17.648223876953125 17.632709503173828125 17.626085281372070313 17.610042572021484375 17.607862472534179688 17.617252349853515625 17.628465652465820313 17.672761917114257813 17.756158828735351563 17.84104156494140625 17.891454696655273438 17.940534591674804688
18.59734344482421875 18.594835281372070313 18.617841720581054688 18.627374649047851563 18.572536468505859375 18.437601089477539063 18.308404922485351563 18.230424880981445313 18.177423477172851563 18.114593505859375 18.049531936645507813 17.994485855102539063 17.935602188110351563 17.87358856201171875 17.785680770874023438 17.679403305053710938 17.6197662353515625 17.647563934326171875 17.705781936645507813 17.707767486572265625 17.711729049682617188 17.680742263793945313 17.622694015502929688 17.611436843872070313 17.657886505126953125 17.70404815673828125 17.7129669189453125 17.7125396728515625 17.70404815673828125 17.70204925537109375 17.713283538818359375 17.710691452026367188 17.721035003662109375 17.727039337158203125 17.71282958984375 17.736440658569335938 17.81687164306640625 17.903717041015625 17.949213027954101563 17.995168685913085938
18.609922409057617188 18.615568161010742188 18.633932113647460938 18.634502410888671875 18.576845169067382813 18.451757431030273438 18.333103179931640625 18.260723114013671875 18.211259841918945313 18.153799057006835938 18.09429168701171875 18.045442581176757813 18.002416610717773438 17.955358505249023438 17.87591552734375 17.768648147583007813 17.700290679931640625 17.704778671264648438 17.7378387451171875 17.738759994506835938 17.732975006103515625 17.708221435546875 17.671800613403320313 17.664386749267578125 17.700826644897460938 17.735635757446289063 17.736200332641601563 17.725879669189453125 17.717840194702148438 17.716905593872070313 17.729791641235351563 17.767864227294921875 17.817806243896484375 17.845537185668945313 17.8391265869140625 17.853382110595703125 17.895877838134765625 17.94286346435546875 17.974498748779296875 17.9949798583984375
18.595211029052734375 18.61519622802734375 18.632398605346679688 18.6271514892578125 18.568372726440429688 18.450979232788085938 18.339000701904296875 18.267843246459960938 18.2186737060546875 18.163423538208007813 18.106166839599609375 18.064626693725585938 18.04496002197265625 18.021806716918945313 17.9505767822265625 17.833675384521484375 17.750032424926757813 17.72397613525390625 17.730684280395507813 17.731540679931640625 17.716709136962890625 17.703557968139648438 17.6973419189453125 17.694150924682617188 17.722452163696289063 17.748546600341796875 17.739313125610351563 17.713739395141601563 17.704898834228515625 17.701793670654296875 17.70832061767578125 17.799892425537109375 17.908447265625 17.961460113525390625 17.95523834228515625 17.956674575805664063 17.964990615844726563 17.97280120849609375 17.99114227294921875 17.986667633056640625
18.576231002807617188 18.595914840698242188 18.619907379150390625 18.629222869873046875 18.575962066650390625 18.439390182495117188 18.312915802001953125 18.243368148803710938 18.200107574462890625 18.144285202026367188 18.081159591674804688 18.037546157836914063 18.027120590209960938 18.01513671875 17.941066741943359375 17.80816650390625 17.716800689697265625 17.689100265502929688 17.700839996337890625 17.713796615600585938 17.704851150512695313 17.701002120971679688 17.705837249755859375 17.701610565185546875 17.731912612915039063 17.759517669677734375 17.745176315307617188 17.710710525512695313 17.701934814453125 17.6987457275390625 17.700250625610351563 17.82396697998046875 17.965526580810546875 18.028108596801757813 18.013322830200195313 18.006647109985351563 18.00536346435546875 18.004289627075195313 18.0253448486328125 18.022342681884765625
18.565870285034179688 18.593088150024414063 18.615169525146484375 18.6163787841796875 18.562986373901367188 18.443857192993164063 18.324296951293945313 18.239713668823242188 18.170627593994140625 18.090465545654296875 18.004415512084960938 17.93359375 17.889596939086914063 17.848299026489257813 17.768566131591796875 17.655298233032226563 17.585248947143554688 17.582012176513671875 17.626375198364257813 17.679931640625 17.712337493896484375 17.72673797607421875 17.731353759765625 17.7335968017578125 17.757253646850585938 17.775381088256835938 17.762243270874023438 17.736301422119140625 17.731714248657226563 17.73902130126953125 17.759754180908203125 17.855230331420898438 17.964054107666015625 18.0199432373046875 18.018575668334960938 18.019306182861328125 18.029275894165039063 18.047576904296875 18.0838470458984375 18.110475540161132813
18.56072235107421875 18.595556259155273438 18.616302490234375 18.61273193359375 18.563898086547851563 18.457122802734375 18.33745574951171875 18.229333877563476563 18.118940353393554688 17.994039535522460938 17.861551284790039063 17.736513137817382813 17.628995895385742188 17.535112380981445313 17.445455551147460938 17.368419647216796875 17.340764999389648438 17.383228302001953125 17.483507156372070313 17.60666656494140625 17.715320587158203125 17.753917694091796875 17.738519668579101563 17.743740081787109375 17.77001190185546875 17.788080215454101563 17.784496307373046875 17.775007247924804688 17.777494430541992188 17.793903350830078125 17.826608657836914063 17.891035079956054688 17.96216583251953125 18.003498077392578125 18.005796432495117188 18.011541366577148438 18.036897659301757813 18.080072402954101563 18.139019012451171875 18.210252761840820313
18.556421279907226563 18.591205596923828125 18.61573028564453125 18.622606277465820313 18.583080291748046875 18.46280670166015625 18.323465347290039063 18.190572738647460938 18.0406951904296875 17.859468460083007813 17.6586456298828125 17.459163665771484375 17.277912139892578125 17.127698898315429688 17.0200653076171875 16.968090057373046875 16.987239837646484375 17.088899612426757813 17.25782012939453125 17.457416534423828125 17.645816802978515625 17.71695709228515625 17.691387176513671875 17.703969955444335938 17.752767562866210938 17.790861129760742188 17.803607940673828125 17.8083648681640625 17.818616867065429688 17.839040756225585938 17.872529983520507813 17.92437744140625 17.980968475341796875 18.009716033935546875 17.999973297119140625 18.00144195556640625 18.032011032104492188 18.08550262451171875 18.159454345703125 18.25650787353515625
18.555185317993164063 18.590719223022460938 18.612623214721679688 18.61452484130859375 18.573858261108398438 18.46158599853515625 18.317029953002929688 18.155755996704101563 17.956598281860351563 17.707942962646484375 17.426897048950195313 17.14188385009765625 16.879644393920898438 16.667646408081054688 16.5334014892578125 16.495189666748046875 16.556180953979492188 16.716419219970703125 16.948480606079101563 17.20221710205078125 17.424901962280273438 17.549348831176757813 17.596843719482421875 17.6571197509765625 17.72821807861328125 17.78385162353515625 17.814785003662109375 17.834346771240234375 17.85320281982421875 17.875978469848632813 17.905141830444335938 17.943441390991210938 17.982387542724609375 18.003114700317382813 17.999402999877929688 18.003686904907226563 18.0249481201171875 18.066009521484375 18.135242462158203125 18.22527313232421875
18.555311203002929688 18.590785980224609375 18.611236572265625 18.6114654541015625 18.573612213134765625 18.472995758056640625 18.325374603271484375 18.133680343627929688 17.879457473754882813 17.560329437255859375 17.198434829711914063 16.82735443115234375 16.483051300048828125 16.205430984497070313 16.034999847412109375 15.995313644409179688 16.082155227661132813 16.28690338134765625 16.570987701416015625 16.87129974365234375 17.12865447998046875 17.316806793212890625 17.452932357788085938 17.573644638061523438 17.678281784057617188 17.757762908935546875 17.810514450073242188 17.846258163452148438 17.874013900756835938 17.898906707763671875 17.92475128173828125 17.955648422241210938 17.985929489135742188 18.001506805419921875 17.998226165771484375 18.000949859619140625 18.001016616821289063 18.015024185180664063 18.091016769409179688 18.2096710205078125
18.556407928466796875 18.590167999267578125 18.612031936645507813 18.617395401000976563 18.586406707763671875 18.49027252197265625 18.33528900146484375 18.1163482666015625 17.813831329345703125 17.432079315185546875 16.997480392456054688 16.547895431518554688 16.126653671264648438 15.783583641052246094 15.569551467895507813 15.513396263122558594 15.607845306396484375 15.84030914306640625 16.165988922119140625 16.5138092041015625 16.819828033447265625 17.07138824462890625 17.2803802490234375 17.458753585815429688 17.6053466796875 17.716510772705078125 17.793775558471679688 17.845987319946289063 17.882167816162109375 17.909063339233398438 17.933248519897460938 17.961660385131835938 17.990016937255859375 18.003509521484375 17.998210906982421875 18.000215530395507813 17.988283157348632813 17.98561859130859375 18.06909942626953125 18.216207504272460938
18.558717727661132813 18.592664718627929688 18.614459991455078125 18.620452880859375 18.591625213623046875 18.497957229614257813 18.336881637573242188 18.098558425903320313 17.763910293579101563 17.335758209228515625 16.843235015869140625 16.329006195068359375 15.841562271118164063 15.438090324401855469 15.177263259887695313 15.093412399291992188 15.180974960327148438 15.42844390869140625 15.787836074829101563 16.18145751953125 16.53942108154296875 16.847446441650390625 17.113277435302734375 17.341917037963867188 17.530328750610351563 17.674152374267578125 17.7748260498046875 17.841838836669921875 17.88516998291015625 17.913608551025390625 17.93592071533203125 17.960369110107421875 17.984783172607421875 17.9999237060546875 18.003332138061523438 18.0117950439453125 18.015920639038085938 18.030385971069335938 18.09710693359375 18.200252532958984375
