depth_splin.asc
ncols        173
nrows        169
xllcorner    582542.410000000033
yllcorner    4357345.450000000186
cellsize     1.000000000000
NODATA_value  -99999
[rows 144 to 161 of 169, columns 0 to 39 of 173]
12.914213180541992188 12.988898277282714844 13.063440322875976563 13.137920379638671875 13.212413787841796875 13.287003517150878906 13.361767768859863281 13.436787605285644531 13.512140274047851563 13.5879058837890625 13.664164543151855469 13.741101264953613281 13.819251060485839844 13.899221420288085938 13.981619834899902344 14.067053794860839844 14.156131744384765625 14.249461174011230469 14.347649574279785156 14.451305389404296875 14.561033248901367188 14.677442550659179688 14.800822257995605469 14.930583000183105469 15.065980911254882813 15.206277847290039063 15.350731849670410156 15.498719215393066406 15.651059150695800781 15.809523582458496094 15.97589874267578125 16.151973724365234375 16.339532852172851563 16.538288116455078125 16.743190765380859375 16.9486083984375 17.1516876220703125 17.352703094482421875 17.550279617309570313 17.725416183471679688
13.010272979736328125 13.086630821228027344 13.162832260131835938 13.238970756530761719 13.315134048461914063 13.391412734985351563 13.467898368835449219 13.544680595397949219 13.62184906005859375 13.699494361877441406 13.777708053588867188 13.856683731079101563 13.936964988708496094 14.019165992736816406 14.103899955749511719 14.191782951354980469 14.283429145812988281 14.379453659057617188 14.480469703674316406 14.587093353271484375 14.699936866760253906 14.819615364074707031 14.946424484252929688 15.07977294921875 15.218920707702636719 15.363126754760742188 15.511651039123535156 15.663861274719238281 15.820456504821777344 15.983020782470703125 16.153150558471679688 16.332447052001953125 16.522504806518554688 16.722867965698242188 16.928354263305664063 17.133153915405273438 17.332609176635742188 17.5233612060546875 17.700960159301757813 17.849855422973632813
13.104709625244140625 13.182658195495605469 13.260436058044433594 13.338146209716796875 13.415886878967285156 13.493761062622070313 13.571868896484375 13.650312423706054688 13.729190826416015625 13.808606147766113281 13.888659477233886719 13.969554901123046875 14.051837921142578125 14.136127471923828125 14.223040580749511719 14.313196182250976563 14.407210350036621094 14.505700111389160156 14.609285354614257813 14.718580245971679688 14.83420562744140625 14.956777572631835938 15.086595535278320313 15.22308349609375 15.365514755249023438 15.513163566589355469 15.665302276611328125 15.821301460266113281 15.981728553771972656 16.1479339599609375 16.3212890625 16.503171920776367188 16.69495391845703125 16.896068572998046875 17.101469039916992188 17.305486679077148438 17.502687454223632813 17.68790435791015625 17.85550689697265625 17.995351791381835938
13.197277069091796875 13.276724815368652344 13.355982780456542969 13.4351654052734375 13.514382362365722656 13.593745231628417969 13.673366546630859375 13.753355979919433594 13.833827972412109375 13.914890289306640625 13.996657371520996094 14.079340934753417969 14.163488388061523438 14.249715805053710938 14.338640213012695313 14.430878639221191406 14.527049064636230469 14.627765655517578125 14.733646392822265625 14.845308303833007813 14.963367462158203125 15.088440895080566406 15.220833778381347656 15.359990119934082031 15.505206108093261719 15.655778884887695313 15.811004638671875 15.970267295837402344 16.13397979736328125 16.303243637084960938 16.4791717529296875 16.662900924682617188 16.85556793212890625 17.056627273559570313 17.261653900146484375 17.465642929077148438 17.662670135498046875 17.84576416015625 18.00800323486328125 18.143396377563476563
13.287728309631347656 13.368570327758789063 13.449202537536621094 13.52974700927734375 13.610325813293457031 13.691060066223144531 13.772072792053222656 13.853486061096191406 13.935420989990234375 14.017998695373535156 14.101344108581542969 14.185675621032714844 14.271536827087402344 14.359539985656738281 14.450297355651855469 14.544421195983886719 14.642522811889648438 14.745215415954589844 14.853108406066894531 14.966816902160644531 15.086950302124023438 15.214120864868164063 15.348635673522949219 15.489964485168457031 15.637429237365722656 15.790355682373046875 15.94806671142578125 16.109958648681640625 16.276288986206054688 16.447885513305664063 16.625593185424804688 16.810306549072265625 17.0029296875 17.203142166137695313 17.407815933227539063 17.613309860229492188 17.812738418579101563 17.995607376098632813 18.151994705200195313 18.277837753295898438
13.375817298889160156 13.457938194274902344 13.539825439453125 13.621610641479492188 13.703425407409667969 13.785402297973632813 13.867673873901367188 13.950373649597167969 14.033632278442382813 14.117583274841308594 14.202358245849609375 14.28818511962890625 14.375599861145019531 14.465208053588867188 14.55760955810546875 14.653409957885742188 14.753210067749023438 14.857615470886230469 14.967226028442382813 15.082646369934082031 15.204479217529296875 15.333327293395996094 15.4694976806640625 15.612479209899902344 15.761622428894042969 15.916276931762695313 16.075794219970703125 16.2395782470703125 16.407728195190429688 16.580793380737304688 16.759349822998046875 16.944049835205078125 17.135564804077148438 17.333929061889648438 17.537702560424804688 17.745023727416992188 17.948095321655273438 18.133182525634765625 18.288400650024414063 18.400665283203125
13.461297035217285156 13.5445709228515625 13.627582550048828125 13.710474014282226563 13.793387413024902344 13.876465797424316406 13.9598541259765625 14.043691635131835938 14.128124237060546875 14.213293075561523438 14.299341201782226563 14.386501312255859375 14.475300788879394531 14.566329002380371094 14.660177230834960938 14.757432937622070313 14.8586883544921875 14.96453094482421875 15.075551986694335938 15.192339897155761719 15.315485000610351563 15.445575714111328125 15.582915306091308594 15.727007865905761719 15.877221107482910156 16.032926559448242188 16.193490982055664063 16.358327865600585938 16.527372360229492188 16.700906753540039063 16.879238128662109375 17.062772750854492188 17.251953125 17.447086334228515625 17.648180007934570313 17.85494232177734375 18.059629440307617188 18.248559951782226563 18.412569046020507813 18.514619827270507813
13.543943405151367188 13.628232955932617188 13.712228775024414063 13.796083450317382813 13.879949569702148438 13.963980674743652344 14.048330307006835938 14.133152008056640625 14.218597412109375 14.304821968078613281 14.39197540283203125 14.480298042297363281 14.570302963256835938 14.662562370300292969 14.757649421691894531 14.856134414672851563 14.958590507507324219 15.06558990478515625 15.177703857421875 15.295506477355957031 15.419567108154296875 15.5504608154296875 15.688475608825683594 15.833120346069335938 15.983775138854980469 16.139814376831054688 16.300615310668945313 16.465587615966796875 16.634510040283203125 16.807409286499023438 16.984340667724609375 17.165460586547851563 17.350965499877929688 17.54119873046875 17.736833572387695313 17.9383392333984375 18.138723373413085938 18.326467514038085938 18.498668670654296875 18.599176406860351563
13.623651504516601563 13.70882415771484375 13.793667793273925781 13.878346443176269531 13.963022232055664063 14.047860145568847656 14.133024215698242188 14.218675613403320313 14.304980278015136719 14.392099380493164063 14.480197906494140625 14.569516181945800781 14.660552978515625 14.753857612609863281 14.84998321533203125 14.949477195739746094 15.052892684936523438 15.160779953002929688 15.273690223693847656 15.39217376708984375 15.516781806945800781 15.648065567016601563 15.786296844482421875 15.930980682373046875 16.081495285034179688 16.237211227416992188 16.397508621215820313 16.561779022216796875 16.729658126831054688 16.900941848754882813 17.07544708251953125 17.253087997436523438 17.433813095092773438 17.617765426635742188 17.805543899536132813 17.997560501098632813 18.186838150024414063 18.361133575439453125 18.513944625854492188 18.600988388061523438
13.700358390808105469 13.786290168762207031 13.871854782104492188 13.957227706909179688 14.042581558227539063 14.128088951110839844 14.213926315307617188 14.300265312194824219 14.387280464172363281 14.475145339965820313 14.564034461975097656 14.6541900634765625 14.746092796325683594 14.840269088745117188 14.937242507934570313 15.037542343139648438 15.141694068908691406 15.250222206115722656 15.363656997680664063 15.48252105712890625 15.607342720031738281 15.738648414611816406 15.876689910888671875 16.020961761474609375 16.170833587646484375 16.325664520263671875 16.484830856323242188 16.647701263427734375 16.81378173828125 16.982666015625 17.153959274291992188 17.327348709106445313 17.50254058837890625 17.679338455200195313 17.857751846313476563 18.037572860717773438 18.211507797241210938 18.36517333984375 18.48638916015625 18.561620712280273438
13.774003028869628906 13.860579490661621094 13.946747779846191406 14.032692909240722656 14.11859893798828125 14.204649925231933594 14.291028976440429688 14.377921104431152344 14.465510368347167969 14.553978919982910156 14.643512725830078125 14.734356880187988281 14.826970100402832031 14.921850204467773438 15.019497871398925781 15.120411872863769531 15.225090980529785156 15.334036827087402344 15.447748184204101563 15.566723823547363281 15.691464424133300781 15.822468757629394531 15.959966659545898438 16.1034393310546875 16.252239227294921875 16.405721664428710938 16.563238143920898438 16.724147796630859375 16.887844085693359375 17.053745269775390625 17.221281051635742188 17.389936447143554688 17.559202194213867188 17.72847747802734375 17.896924972534179688 18.063488006591796875 18.221773147583007813 18.359498977661132813 18.465314865112304688 18.5360260009765625
13.844526290893554688 13.931637763977050781 14.018300056457519531 14.104705810546875 14.191049575805664063 14.277523994445800781 14.364325523376464844 14.451645851135253906 14.539679527282714844 14.628619194030761719 14.718660354614257813 14.810051918029785156 14.903226852416992188 14.998656272888183594 15.096812248229980469 15.198163986206054688 15.30318450927734375 15.412342071533203125 15.526111602783203125 15.644960403442382813 15.769362449645996094 15.899786949157714844 16.03643798828125 16.178783416748046875 16.326166152954101563 16.477922439575195313 16.633394241333007813 16.791921615600585938 16.95281219482421875 17.115346908569335938 17.278820037841796875 17.442546844482421875 17.605854034423828125 17.767765045166015625 17.926622390747070313 18.080556869506835938 18.224527359008789063 18.349912643432617188 18.448637008666992188 18.519536972045898438
13.911864280700683594 13.999414443969726563 14.086468696594238281 14.173232078552246094 14.259907722473144531 14.346697807312011719 14.433806419372558594 14.5214385986328125 14.609796524047851563 14.699083328247070313 14.789504051208496094 14.881310462951660156 14.974908828735351563 15.070742607116699219 15.169253349304199219 15.27088165283203125 15.376070976257324219 15.485260009765625 15.5988922119140625 15.717409133911132813 15.841251373291015625 15.970860481262207031 16.106416702270507813 16.247373580932617188 16.393062591552734375 16.542814254760742188 16.695959091186523438 16.8518218994140625 17.009647369384765625 17.168630599975585938 17.327970504760742188 17.48686981201171875 17.644536972045898438 17.799762725830078125 17.950374603271484375 18.094013214111328125 18.226741790771484375 18.342836380004882813 18.43698883056640625 18.508787155151367188
13.975956916809082031 14.063855171203613281 14.151211738586425781 14.238237380981445313 14.325146675109863281 14.412151336669921875 14.4994659423828125 14.587302207946777344 14.675873756408691406 14.765392303466796875 14.856072425842285156 14.948167800903320313 15.04206085205078125 15.138163566589355469 15.236888885498046875 15.338646888732910156 15.443849563598632813 15.55290985107421875 15.666237831115722656 15.784246444702148438 15.907346725463867188 16.035951614379882813 16.1702117919921875 16.30957794189453125 16.453374862670898438 16.600925445556640625 16.751554489135742188 16.904582977294921875 17.059221267700195313 17.2146148681640625 17.369913101196289063 17.524263381958007813 17.676809310913085938 17.82627105712890625 17.970357894897460938 18.106616973876953125 18.231784820556640625 18.341680526733398438 18.432428359985351563 18.503564834594726563
14.036742210388183594 14.124908447265625 14.212482452392578125 14.299686431884765625 14.38674163818359375 14.473870277404785156 14.5612945556640625 14.649236679077148438 14.737918853759765625 14.827564239501953125 14.918393135070800781 15.010660171508789063 15.104725837707519531 15.200972557067871094 15.299782752990722656 15.401537895202636719 15.506619453430175781 15.615410804748535156 15.72829437255859375 15.845651626586914063 15.967864036560058594 16.09531402587890625 16.2281341552734375 16.365766525268554688 16.507534027099609375 16.652759552001953125 16.800767898559570313 16.95087432861328125 17.102285385131835938 17.254129409790039063 17.405544281005859375 17.555658340454101563 17.70360565185546875 17.848119735717773438 17.987012863159179688 18.117954254150390625 18.238079071044921875 18.343923568725585938 18.4322509765625 18.502424240112304688
14.094160079956054688 14.182520866394042969 14.270238876342773438 14.357542991638183594 14.444664955139160156 14.531835556030273438 14.619284629821777344 14.707243919372558594 14.7959442138671875 14.885616302490234375 14.976490974426269531 15.068822860717773438 15.162949562072753906 15.259224891662597656 15.358001708984375 15.459635734558105469 15.564478874206542969 15.672883987426757813 15.785206794738769531 15.901800155639648438 16.023015975952148438 16.149211883544921875 16.28049468994140625 16.4163055419921875 16.555973052978515625 16.698822021484375 16.844179153442382813 16.991359710693359375 17.139581680297851563 17.287992477416992188 17.43573760986328125 17.581964492797851563 17.725818634033203125 17.86608123779296875 18.000698089599609375 18.127481460571289063 18.243860244750976563 18.346822738647460938 18.43353271484375 18.503009796142578125
14.1481475830078125 14.236639976501464844 14.324435234069824219 14.411773681640625 14.498892784118652344 14.586031913757324219 14.673429489135742188 14.761325836181640625 14.849959373474121094 14.939569473266601563 15.030394554138183594 15.122693061828613281 15.216777801513671875 15.312975883483886719 15.411615371704101563 15.513022422790527344 15.617525100708007813 15.725449562072753906 15.837121963500976563 15.952870368957519531 16.07302093505859375 16.197900772094726563 16.327602386474609375 16.461566925048828125 16.59912872314453125 16.739618301391601563 16.882368087768554688 17.026700973510742188 17.171861648559570313 17.31702423095703125 17.461376190185546875 17.604091644287109375 17.744356155395507813 17.881000518798828125 18.012060165405273438 18.135448455810546875 18.248834609985351563 18.349611282348632813 18.435270309448242188 18.504472732543945313
14.198644638061523438 14.287213325500488281 14.375029563903808594 14.462342262268066406 14.549397468566894531 14.636441230773925781 14.723720550537109375 14.811482429504394531 14.899973869323730469 14.989441871643066406 15.080132484436035156 15.172304153442382813 15.266252517700195313 15.362278938293457031 15.460687637329101563 15.561779022216796875 15.665858268737792969 15.773225784301757813 15.884185791015625 15.999040603637695313 16.118093490600585938 16.241641998291015625 16.369768142700195313 16.501916885375976563 16.637430191040039063 16.7756500244140625 16.915914535522460938 17.057561874389648438 17.199863433837890625 17.342046737670898438 17.483333587646484375 17.622957229614257813 17.76013946533203125 17.893764495849609375 18.021928787231445313 18.142612457275390625 18.253660202026367188 18.352764129638671875 18.437679290771484375 18.506786346435546875
