depth_splin.asc
ncols        173
nrows        169
xllcorner    582542.410000000033
yllcorner    4357345.450000000186
cellsize     1.000000000000
NODATA_value  -99999
[rows 72 to 89 of 169, columns 120 to 159 of 173]
9.27445220947265625 9.0624599456787109375 8.8819026947021484375 8.7394313812255859375 8.6279382705688476563 8.566314697265625 8.5397825241088867188 8.4461317062377929688 8.2973537445068359375 8.0738763809204101563 7.7109527587890625 7.2663912773132324219 6.8633098602294921875 6.5692000389099121094 6.3652973175048828125 6.2724351882934570313 6.2353234291076660156 6.1813616752624511719 6.1226115226745605469 6.0779061317443847656 6.0466394424438476563 5.9954967498779296875 5.8673248291015625 5.7345180511474609375 5.7192773818969726563 5.8574461936950683594 5.94576263427734375 5.9330534934997558594 5.9308638572692871094 6.0371413230895996094 6.172885894775390625 6.734882354736328125 7.785320281982421875 8.1368389129638671875 7.5384721755981445313 6.7118787765502929688 6.5216684341430664063 6.6656737327575683594 6.7118639945983886719 6.5566945075988769531
9.2642459869384765625 8.9965457916259765625 8.7865543365478515625 8.6370096206665039063 8.527313232421875 8.5012521743774414063 8.5325107574462890625 8.4609231948852539063 8.3006458282470703125 8.0597209930419921875 7.6765589714050292969 7.1943721771240234375 6.7941946983337402344 6.5484972000122070313 6.3717489242553710938 6.2875180244445800781 6.2587957382202148438 6.2044229507446289063 6.1301083564758300781 6.0984435081481933594 6.1145148277282714844 6.1052813529968261719 5.9770669937133789063 5.8372769355773925781 5.8394942283630371094 6.0179052352905273438 6.1214146614074707031 6.0605001449584960938 6.0092649459838867188 6.1343984603881835938 6.2528719902038574219 6.7711544036865234375 7.81900787353515625 8.1976099014282226563 7.651470184326171875 6.8815507888793945313 6.7533326148986816406 6.9657154083251953125 7.055027008056640625 6.8953118324279785156
9.17724609375 8.901874542236328125 8.683277130126953125 8.5293865203857421875 8.4284219741821289063 8.4071292877197265625 8.4410142898559570313 8.3860874176025390625 8.2457733154296875 8.015033721923828125 7.6436486244201660156 7.1905736923217773438 6.7996115684509277344 6.5432753562927246094 6.3825230598449707031 6.3433165550231933594 6.3463907241821289063 6.2916088104248046875 6.2096028327941894531 6.1754732131958007813 6.1901941299438476563 6.1833310127258300781 6.1047496795654296875 6.0136346817016601563 6.0079107284545898438 6.1199402809143066406 6.1982846260070800781 6.188083648681640625 6.1948070526123046875 6.3689136505126953125 6.6178750991821289063 7.1124920845031738281 7.8547120094299316406 8.1273984909057617188 7.7696819305419921875 7.2535858154296875 7.1525669097900390625 7.2669038772583007813 7.3147258758544921875 7.2315611839294433594
9.0493726730346679688 8.7900800704956054688 8.57500457763671875 8.4215602874755859375 8.3240518569946289063 8.2935400009155273438 8.3089380264282226563 8.2663183212280273438 8.1549654006958007813 7.9497885704040527344 7.605419158935546875 7.2014298439025878906 6.8271164894104003906 6.5463080406188964844 6.4013495445251464844 6.4417099952697753906 6.5126233100891113281 6.4493961334228515625 6.3344907760620117188 6.2782430648803710938 6.2824277877807617188 6.2740063667297363281 6.2490482330322265625 6.2178888320922851563 6.2004866600036621094 6.21765899658203125 6.2625665664672851563 6.3189454078674316406 6.4201874732971191406 6.6671166419982910156 7.0568084716796875 7.5246930122375488281 7.9359235763549804688 8.0900592803955078125 7.9220132827758789063 7.6563892364501953125 7.583454132080078125 7.6030650138854980469 7.6097364425659179688 7.5862874984741210938
8.971530914306640625 8.7079753875732421875 8.4900274276733398438 8.3340044021606445313 8.2300271987915039063 8.2022371292114257813 8.2279033660888671875 8.192615509033203125 8.101367950439453125 7.9249920845031738281 7.5742564201354980469 7.1756114959716796875 6.8093738555908203125 6.5252819061279296875 6.3933644294738769531 6.5243158340454101563 6.6875319480895996094 6.6177325248718261719 6.4601354598999023438 6.3856339454650878906 6.4005713462829589844 6.3969779014587402344 6.4004216194152832031 6.4036488533020019531 6.3921957015991210938 6.3815531730651855469 6.4177608489990234375 6.5007891654968261719 6.6363201141357421875 6.9165925979614257813 7.3441958427429199219 7.7786893844604492188 8.0684385299682617188 8.2108907699584960938 8.13177490234375 7.9687299728393554688 7.9331235885620117188 7.948116302490234375 7.9593386650085449219 7.9686837196350097656
8.9353504180908203125 8.674510955810546875 8.4587688446044921875 8.3029356002807617188 8.1968050003051757813 8.1489133834838867188 8.140216827392578125 8.086032867431640625 7.9853892326354980469 7.8099694252014160156 7.5026364326477050781 7.1539278030395507813 6.8357043266296386719 6.5976748466491699219 6.4916162490844726563 6.5729575157165527344 6.6874537467956542969 6.6678609848022460938 6.5913615226745605469 6.5572652816772460938 6.5678548812866210938 6.5662865638732910156 6.5710797309875488281 6.5789742469787597656 6.5865964889526367188 6.6095457077026367188 6.669116973876953125 6.7647809982299804688 6.9145174026489257813 7.1825833320617675781 7.5744471549987792969 7.9184155464172363281 8.0731229782104492188 8.1719655990600585938 8.2152271270751953125 8.22536468505859375 8.2647886276245117188 8.3109493255615234375 8.343364715576171875 8.3567819595336914063
8.9311513900756835938 8.6776294708251953125 8.466449737548828125 8.316150665283203125 8.2099332809448242188 8.1276264190673828125 8.052265167236328125 7.9638676643371582031 7.8519725799560546875 7.6835904121398925781 7.4278569221496582031 7.1391901969909667969 6.88184356689453125 6.7006006240844726563 6.6096920967102050781 6.593402862548828125 6.6258707046508789063 6.6765961647033691406 6.7200150489807128906 6.7530660629272460938 6.7684741020202636719 6.7634377479553222656 6.761013031005859375 6.7675595283508300781 6.8027629852294921875 6.888957977294921875 6.9859318733215332031 7.0775589942932128906 7.2061672210693359375 7.4687166213989257813 7.8924508094787597656 8.1455392837524414063 8.0135135650634765625 7.9855275154113769531 8.1854372024536132813 8.44959259033203125 8.5944728851318359375 8.6831264495849609375 8.7411165237426757813 8.7527055740356445313
8.9531641006469726563 8.6951446533203125 8.4803638458251953125 8.336055755615234375 8.2306766510009765625 8.1223573684692382813 7.996440887451171875 7.8791713714599609375 7.7748870849609375 7.6306600570678710938 7.3879923820495605469 7.1176881790161132813 6.8965744972229003906 6.7578935623168945313 6.679996490478515625 6.6287140846252441406 6.6536717414855957031 6.7742981910705566406 6.9029283523559570313 6.9832301139831542969 6.9979228973388671875 6.9776816368103027344 6.9642338752746582031 6.9687018394470214844 7.027923583984375 7.1708064079284667969 7.3034949302673339844 7.3755040168762207031 7.4509973526000976563 7.7271566390991210938 8.2508630752563476563 8.4697999954223632813 8.0410680770874023438 7.8993153572082519531 8.2318258285522460938 8.6911334991455078125 8.921916961669921875 9.0491619110107421875 9.142772674560546875 9.175296783447265625
8.9841012954711914063 8.7139844894409179688 8.492794036865234375 8.3395843505859375 8.224536895751953125 8.108341217041015625 7.9750652313232421875 7.846622467041015625 7.7280163764953613281 7.5785799026489257813 7.3550190925598144531 7.1162633895874023438 6.9270215034484863281 6.8126778602600097656 6.7529158592224121094 6.7334814071655273438 6.8106327056884765625 7.0046515464782714844 7.2061438560485839844 7.3056912422180175781 7.2832918167114257813 7.2098784446716308594 7.1682887077331542969 7.16754913330078125 7.2264847755432128906 7.3722944259643554688 7.5186114311218261719 7.6181993484497070313 7.7198872566223144531 7.9523196220397949219 8.3355541229248046875 8.4739837646484375 8.1714868545532226563 8.1325063705444335938 8.5068569183349609375 8.99434661865234375 9.2597246170043945313 9.40316009521484375 9.5240087509155273438 9.6298370361328125
8.9921274185180664063 8.7173433303833007813 8.4958515167236328125 8.3378124237060546875 8.2185344696044921875 8.1071748733520507813 7.98487091064453125 7.8537192344665527344 7.73419952392578125 7.58831024169921875 7.3558292388916015625 7.1097168922424316406 6.9425206184387207031 6.8770098686218261719 6.8509955406188964844 6.8361382484436035156 6.9330248832702636719 7.2212285995483398438 7.57488250732421875 7.7177248001098632813 7.5913372039794921875 7.3924841880798339844 7.3205356597900390625 7.32320404052734375 7.3970694541931152344 7.6179547309875488281 7.8028421401977539063 7.8344988822937011719 7.8320331573486328125 8.1257762908935546875 8.7578420639038085938 8.9497842788696289063 8.2785701751708984375 8.0462799072265625 8.6190900802612304688 9.424732208251953125 9.745357513427734375 9.7700433731079101563 9.8390569686889648438 10.054933547973632813
8.963863372802734375 8.7052583694458007813 8.4925260543823242188 8.3411054611206054688 8.2269153594970703125 8.1224851608276367188 8.0033807754516601563 7.8640618324279785156 7.7531900405883789063 7.6268601417541503906 7.3743367195129394531 7.09935760498046875 6.9492249488830566406 6.9502105712890625 6.9710407257080078125 6.9408793449401855469 7.0298700332641601563 7.3909897804260253906 7.8881425857543945313 8.08679962158203125 7.8693113327026367188 7.5702261924743652344 7.5087246894836425781 7.5278291702270507813 7.6285548210144042969 7.94110107421875 8.1682519912719726563 8.100597381591796875 7.9348802566528320313 8.3130197525024414063 9.321651458740234375 9.6344051361083984375 8.3994884490966796875 7.8759355545043945313 8.6669969558715820313 9.8168458938598632813 10.203137397766113281 10.11742401123046875 10.127864837646484375 10.439638137817382813
8.9462480545043945313 8.6901874542236328125 8.4860439300537109375 8.3557729721069335938 8.2616329193115234375 8.1552228927612304688 8.0098772048950195313 7.8481349945068359375 7.7230358123779296875 7.5954637527465820313 7.3706340789794921875 7.1354899406433105469 7.0111665725708007813 7.0204586982727050781 7.0613918304443359375 7.084686279296875 7.2186331748962402344 7.5770068168640136719 8.0386781692504882813 8.2398309707641601563 8.0950536727905273438 7.8779878616333007813 7.8489732742309570313 7.9024200439453125 8.0198535919189453125 8.29727935791015625 8.4982776641845703125 8.4622812271118164063 8.3512115478515625 8.6336431503295898438 9.36797332763671875 9.544891357421875 8.6018590927124023438 8.2357654571533203125 8.9240942001342773438 9.9428300857543945313 10.380869865417480469 10.463057518005371094 10.570552825927734375 10.818510055541992188
8.9488811492919921875 8.6814546585083007813 8.4802150726318359375 8.3943157196044921875 8.3469667434692382813 8.230403900146484375 8.01609039306640625 7.816883087158203125 7.6765961647033691406 7.5496435165405273438 7.3743305206298828125 7.2036523818969726563 7.10372161865234375 7.0922698974609375 7.1339039802551269531 7.2236509323120117188 7.4160633087158203125 7.7483067512512207031 8.135730743408203125 8.3321390151977539063 8.288177490234375 8.188838958740234375 8.21701812744140625 8.316555023193359375 8.4706163406372070313 8.7369737625122070313 8.9173574447631835938 8.8498077392578125 8.6926240921020507813 8.944972991943359375 9.7077503204345703125 9.8541307449340820313 8.7463731765747070313 8.2418270111083984375 8.9444017410278320313 10.084997177124023438 10.622942924499511719 10.829360008239746094 10.988878250122070313 11.164448738098144531
8.9650621414184570313 8.69011688232421875 8.4820709228515625 8.453723907470703125 8.46875762939453125 8.3441896438598632813 8.0566663742065429688 7.8242192268371582031 7.6914157867431640625 7.5812029838562011719 7.4339580535888671875 7.3030023574829101563 7.223049163818359375 7.2027420997619628906 7.2468729019165039063 7.370388031005859375 7.5954604148864746094 7.9122905731201171875 8.2708196640014648438 8.4764652252197265625 8.4789457321166992188 8.4380540847778320313 8.5177745819091796875 8.6500368118286132813 8.8404941558837890625 9.1394395828247070313 9.3337469100952148438 9.2106752395629882813 8.9386434555053710938 9.2154397964477539063 10.204267501831054688 10.440457344055175781 8.9131441116333007813 8.17130279541015625 8.9634723663330078125 10.291474342346191406 10.901392936706542969 11.135798454284667969 11.297827720642089844 11.448869705200195313
9.0106248855590820313 8.7411708831787109375 8.538547515869140625 8.5235548019409179688 8.5522851943969726563 8.4398736953735351563 8.1632986068725585938 7.937534332275390625 7.8072881698608398438 7.6989159584045410156 7.5528812408447265625 7.4208302497863769531 7.3606586456298828125 7.3820333480834960938 7.4506325721740722656 7.5744848251342773438 7.7867045402526855469 8.097911834716796875 8.4599971771240234375 8.6713914871215820313 8.6858644485473632813 8.6612787246704101563 8.7488851547241210938 8.894870758056640625 9.0949573516845703125 9.3948698043823242188 9.600223541259765625 9.5253133773803710938 9.3222503662109375 9.55251312255859375 10.339514732360839844 10.438533782958984375 9.107021331787109375 8.4536371231079101563 9.20733642578125 10.501247406005859375 11.118906974792480469 11.370478630065917969 11.536981582641601563 11.675970077514648438
9.0971660614013671875 8.8384532928466796875 8.6455030441284179688 8.5970621109008789063 8.5874834060668945313 8.505523681640625 8.3308687210083007813 8.1470937728881835938 8.004344940185546875 7.877857208251953125 7.7110133171081542969 7.5387177467346191406 7.5002384185791015625 7.6239566802978515625 7.75434112548828125 7.8557715415954589844 8.0141401290893554688 8.3127832412719726563 8.690155029296875 8.9038896560668945313 8.9061346054077148438 8.8721208572387695313 8.9454669952392578125 9.0810003280639648438 9.2674694061279296875 9.5522508621215820313 9.7756938934326171875 9.7954769134521484375 9.7127742767333984375 9.902538299560546875 10.454455375671386719 10.411816596984863281 9.2522554397583007813 8.6613893508911132813 9.4326953887939453125 10.773795127868652344 11.394753456115722656 11.594365119934082031 11.721553802490234375 11.867722511291503906
9.2123670578002929688 8.9412021636962890625 8.7323093414306640625 8.7040109634399414063 8.7076044082641601563 8.6515398025512695313 8.5319232940673828125 8.3657703399658203125 8.2325839996337890625 8.1228809356689453125 7.9111013412475585938 7.6316266059875488281 7.5904011726379394531 7.8661999702453613281 8.0824995040893554688 8.1255521774291992188 8.194995880126953125 8.488567352294921875 8.9384527206420898438 9.1842584609985351563 9.1279277801513671875 9.0398731231689453125 9.1165208816528320313 9.2500352859497070313 9.438751220703125 9.7657938003540039063 10.029277801513671875 10.049305915832519531 9.9199371337890625 10.159726142883300781 10.91130828857421875 10.959309577941894531 9.3927850723266601563 8.4948759078979492188 9.4283533096313476563 11.078258514404296875 11.745509147644042969 11.831534385681152344 11.878630638122558594 12.055757522583007813
9.36327362060546875 9.0929412841796875 8.8920230865478515625 8.8914346694946289063 8.922161102294921875 8.8727741241455078125 8.7348814010620117188 8.547695159912109375 8.4081373214721679688 8.3070688247680664063 8.1077585220336914063 7.8419842720031738281 7.8107972145080566406 8.0918865203857421875 8.3173799514770507813 8.3783807754516601563 8.4515819549560546875 8.7146482467651367188 9.1130523681640625 9.3360729217529296875 9.303813934326171875 9.2488031387329101563 9.3352346420288085938 9.4765558242797851563 9.6711835861206054688 9.9918956756591796875 10.257042884826660156 10.313508033752441406 10.244119644165039063 10.450780868530273438 11.067556381225585938 11.046824455261230469 9.6850433349609375 8.9050931930541992188 9.7176504135131835938 11.204688072204589844 11.847888946533203125 11.99819183349609375 12.096345901489257813 12.2634124755859375
